=== Bubble Sort ===
Timp: 0.000003 secunde
Rezultat: 1 2 3 4 5 6 7 8 9 10 

=== Selection Sort ===
Timp: 0.000003 secunde
Rezultat: 1 2 3 4 5 6 7 8 9 10 

=== Insertion Sort ===
Timp: 0.000001 secunde
Rezultat: 1 2 3 4 5 6 7 8 9 10 

=== Merge Sort ===
Timp: 0.000015 secunde
Rezultat: 1 2 3 4 5 6 7 8 9 10 

